function [name, PID, dataOut1, dataOut2] = Wing_Analysis_Function(dataIn)
dataIn = [201,2.1500E+02,6.0000E+01,9.6000E+00,5.0000E+00,5.0000E-02,1.0000E-01,3.7500E+00,2.4000E+01,2.8000E+01,0.0000E+00,6.0000E-01,5.2100E-03,5.2100E-03,0.0000E+00,1.0000E-01,1.0000E+01,3.7000E+01,4.3000E+01,-3.7000E+01,-4.3000E+01,3.0000E+01,4.2000E+00,1.0400E-02,4.1700E-02,0.0000E+00,1.0000E-01,1.0000E+01,3.7000E+01,4.3000E+01,-3.7000E+01,-4.3000E+01,6.0000E+01,1.5000E+00,5.2100E-03,5.2100E-03,0.0000E+00,1.0000E-01,1.0000E+01,3.7000E+01,4.3000E+01,-3.7000E+01,-4.3000E+01,1.5000E+01,3.5000E+00,1.0400E-02,4.1700E-02,0.0000E+00,1.0000E-01,1.0000E+01,3.7000E+01,4.3000E+01,-3.7000E+01,-4.3000E+01,1.1000E+00,1.5000E+00,3.8000E+00,2.4000E+00,4.0000E-01,1.0000E+01,5.7000E+01,-1.5200E+01,-3.8000E+00,1.5000E+01,0.0000E+00];

% Analysis Parameters
nplot    = 201;   % number of output plot data points
Lo       = 2.1500E+02;   % Wing Length (inch)
Co       = 6.0000E+01;   % Wing Chord (inch)
tmax     = 9.6000E+00;   % Maximum Wing Thickness (inch)
Kaw      = 5.0000E+00;   % Secondary Structure Added Weight (%)
to_sk    = 5.0000E-02;   % Wing Skin Thickness (inch)
rho_sk   = 1.0000E-01;   % Wing Skin Weight Density (lb/inch^3)
Go_sk    = 3.7500E+00;   % Skin Material Shear Modulus (Msi)
Sys_sk   = 2.4000E+01;   % Skin Material Yield Shear Strength (Ksi)
Sus_sk   = 2.8000E+01;   % Skin Material Ultimate Shear Strength (Ksi)
yo_str1  = 0.0000E+00;   % Stringer 1 y-location (inch)
A_str1   = 6.0000E-01;   % Stringer 1 Cross-Section Area (inch^2)
Iyy_str1 = 5.2100E-03;   % Stringer 1 Iyy Inertia about the y-axis (inch^4)
Izz_str1 = 5.2100E-03;   % Stringer 1 Izz Inertia about the z-axis (inch^4)
Iyz_str1 = 0.0000E+00;   % Stringer 1 Iyz Product of Inertia (inch^4)
rho_str1 = 1.0000E-01;   % Stringer 1 Wing Skin Weight Density (lb/inch^3)
Eo_str1  = 1.0000E+01;   % Stringer 1 Material Young's Modulus (Msi)
Syt_str1 = 3.7000E+01;   % Stringer 1 Material Yield Strength    - Tension (Ksi)
Sut_str1 = 4.3000E+01;   % Stringer 1 Material Ultimate Strength - Tension (Ksi)
Syc_str1 = -3.7000E+01;   % Stringer 1 Material Yield Strength    - Compression (Ksi)
Suc_str1 = -4.3000E+01;   % Stringer 1 Material Ultimate Strength - Compression (Ksi)
yo_str2  = 3.0000E+01;   % Stringer 2 y-location (inch)
A_str2   = 4.2000E+00;   % Stringer 2 Cross-Section Area (inch^2)
Iyy_str2 = 1.0400E-02;   % Stringer 2 Iyy Inertia about the y-axis (inch^4)
Izz_str2 = 4.1700E-02;   % Stringer 2 Izz Inertia about the z-axis (inch^4)
Iyz_str2 = 0.0000E+00;   % Stringer 2 Iyz Product of Inertia (inch^4)
rho_str2 = 1.0000E-01;   % Stringer 2 Wing Skin Weight Density (lb/inch^3)
Eo_str2  = 1.0000E+01;   % Stringer 2 Material Young's Modulus (Msi)
Syt_str2 = 3.7000E+01;   % Stringer 2 Material Yield Strength    - Tension (Ksi)
Sut_str2 = 4.3000E+01;   % Stringer 2 Material Ultimate Strength - Tension (Ksi)
Syc_str2 = -3.7000E+01;   % Stringer 2 Material Yield Strength    - Compression (Ksi)
Suc_str2 = -4.3000E+01;   % Stringer 2 Material Ultimate Strength - Compression (Ksi)
yo_str3  = 6.0000E+01;   % Stringer 3 y-location (inch)
A_str3   = 1.5000E+00;   % Stringer 3 Cross-Section Area (inch^2)
Iyy_str3 = 5.2100E-03;   % Stringer 3 Iyy Inertia about the y-axis (inch^4)
Izz_str3 = 5.2100E-03;   % Stringer 3 Izz Inertia about the z-axis (inch^4)
Iyz_str3 = 0.0000E+00;   % Stringer 3 Iyz Product of Inertia (inch^4)
rho_str3 = 1.0000E-01;   % Stringer 3 Wing Skin Weight Density (lb/inch^3)
Eo_str3  = 1.0000E+01;   % Stringer 3 Material Young's Modulus (Msi)
Syt_str3 = 3.7000E+01;   % Stringer 3 Material Yield Strength    - Tension (Ksi)
Sut_str3 = 4.3000E+01;   % Stringer 3 Material Ultimate Strength - Tension (Ksi)
Syc_str3 = -3.7000E+01;   % Stringer 3 Material Yield Strength    - Compression (Ksi)
Suc_str3 = -4.3000E+01;   % Stringer 3 Material Ultimate Strength - Compression (Ksi)
yo_str4  = 1.5000E+01;   % Stringer 4 y-location (inch)
A_str4   = 3.5000E+00;   % Stringer 4 Cross-Section Area (inch^2)
Iyy_str4 = 1.0400E-02;   % Stringer 4 Iyy Inertia about the y-axis (inch^4)
Izz_str4 = 4.1700E-02;   % Stringer 4 Izz Inertia about the z-axis (inch^4)
Iyz_str4 = 0.0000E+00;   % Stringer 4 Iyz Product of Inertia (inch^4)
rho_str4 = 1.0000E-01;   % Stringer 4 Wing Skin Weight Density (lb/inch^3)
Eo_str4  = 1.0000E+01;   % Stringer 4 Material Young's Modulus (Msi)
Syt_str4 = 3.7000E+01;   % Stringer 4 Material Yield Strength    - Tension (Ksi)
Sut_str4 = 4.3000E+01;   % Stringer 4 Material Ultimate Strength - Tension (Ksi)
Syc_str4 = -3.7000E+01;   % Stringer 4 Material Yield Strength    - Compression (Ksi)
Suc_str4 = -4.3000E+01;   % Stringer 4 Material Ultimate Strength - Compression (Ksi)
SFy      = 1.1000E+00 ;   % Safety Factor - Yield
SFu      = 1.5000E+00 ;   % Safety Factor - Ultimate
LF       = 3.8000E+00 ;   % Aircraft Load Factor
py0      = 2.4000E+00;   % Drag Distribution - Constant (lb/in)
pyr      = 4.0000E-01;   % Drag Distribution - rth order (lb/in)
rth      = 1.0000E+01;   % Drag Distribution - polynomial order
pz0      = 5.7000E+01;   % Lift Distribution - Constant (lb/in)
pz2      = -1.5200E+01;   % Lift Distribution - 2nd Order (lb/in)
pz4      = -3.8000E+00;   % Lift Distribution - 4th Order (lb/in)
mx0      = 1.5000E+01;   % Twist Moment Distribution - Constant (lb-in/in)
mx1      = 0.0000E+00;   % Twist Moment Distribution - 1st Order (lb-in/in)

% Total Half-Span Wing Weight (W)
W_structure = 85.96;  % Weight of structural components, you need to calculate this based on your data
W_skin = rho_sk * Co * to_sk * Lo;  % Weight of wing skin
W_stringers = (rho_str1 * A_str1 + rho_str2 * A_str2 + rho_str3 * A_str3 + rho_str4 * A_str4) * Lo;  % Weight of stringers
W = W_structure + W_skin + W_stringers;

% Modulus Weighted Centroid (yc and zc)
yc = (yo_str1 * Eo_str1 * A_str1 + yo_str2 * Eo_str2 * A_str2 + yo_str3 * Eo_str3 * A_str3 + yo_str4 * Eo_str4 * A_str4) / (Eo_str1 * A_str1 + Eo_str2 * A_str2 + Eo_str3 * A_str3 + Eo_str4 * A_str4);
zc = ((yo_str1 * Eo_str1 * A_str1 + yo_str2 * Eo_str2 * A_str2 + yo_str3 * Eo_str3 * A_str3 + yo_str4 * Eo_str4 * A_str4) / (Eo_str1 * A_str1 + Eo_str2 * A_str2 + Eo_str3 * A_str3 + Eo_str4 * A_str4)) - 27.05514;

% Cross-Section Weight (rho_A)
rho_A = rho_str1 * A_str1 + 0.6998 + rho_str2 * A_str2 + rho_str3 * A_str3 + rho_str4 * A_str4;

% Axial Stiffness (EA)
EA = Eo_str1 * A_str1 + 97999902 + Eo_str2 * A_str2 + Eo_str3 * A_str3 + Eo_str4 * A_str4;

% Bending Stiffness (EIyy, EIzz, EIyz)
EIyy = Eo_str1 * Iyy_str1 + 1762899999.6878 + Eo_str2 * Iyy_str2 + Eo_str3 * Iyy_str3 + Eo_str4 * Iyy_str4;
EIzz = Eo_str1 * Izz_str1 + Eo_str2 * Izz_str2 + 26111999999.062 + Eo_str3 * Izz_str3 + Eo_str4 * Izz_str4;
EIyz = Eo_str1 * Iyz_str1 - 2607400000 + Eo_str2 * Iyz_str2 + Eo_str3 * Iyz_str3 + Eo_str4 * Iyz_str4;

% Torsional Stiffness (GJ)
GJ_Mu = 243334999.97073;
GJ_str1 = Go_sk * Iyy_str1;
GJ_str2 = Go_sk * Iyy_str2;
GJ_str3 = Go_sk * Iyy_str3;
GJ_str4 = Go_sk * Iyy_str4;

GJ = GJ_str1 + GJ_str2 + GJ_str3 + GJ_str4 + 4 * GJ_Mu;

% Shear Centers (ey, ez)
ey = ((yo_str1 * Go_sk * A_str1 + yo_str2 * Go_sk * A_str2 + yo_str3 * Go_sk * A_str3 + yo_str4 * Go_sk * A_str4) / (Go_sk * A_str1 + Go_sk * A_str2 + Go_sk * A_str3 + Go_sk * A_str4)) - 10.639;
